term,probability,topic
partially,0.000431351415250304,0
ama!,0.00042580804702358014,0
wholesome,0.0003754678164272775,0
perfectly,0.00036718551702115155,0
mr.,0.0003061454757813679,0
main,0.00029121292227142633,0
double,0.00029002422625151156,0
"stress,",0.00028986370398469667,0
ass,0.00027249850604986914,0
miracle,0.000246823301500843,0
two,0.0006652667607037363,1
million,0.00048626581857797547,1
shots,0.00043920085777955886,1
lead,0.0004033023822680701,1
senate,0.0004027633291702189,1
"2026,",0.0003798433972654439,1
estimates,0.0003777644149735457,1
would,0.00037665097091864693,1
cbo,0.00037643511437902724,1
replacement,0.00037472321744225765,1
white,0.001787319243655996,2
house,0.0012280095923560296,2
guy,0.0010948105755614898,2
going,0.000877195393419487,2
2meirl4meirl,0.0007805404144701273,2
woman,0.000729012102417473,2
first,0.0007057156767664271,2
film,0.0006459671819003382,2
friend,0.000636433177410467,2
reality,0.0005912267980477981,2
jump,0.0004482380626681382,3
-,0.00037097218081515176,3
drawing,0.0003342980542590963,3
cozy,0.0002782437853466924,3
finest,0.0002697246772054879,3
train,0.0002604078183685864,3
three,0.000253124879023426,3
hop,0.00024432422133872635,3
gatekeeping,0.00023947588648941267,3
[satire],0.00023366839321215698,3
trump,0.004394424343271702,4
one,0.0031094697627449194,4
-,0.0028423760503994318,4
new,0.0026616798624379046,4
like,0.002638412433861881,4
found,0.002279138910314646,4
first,0.0021889812251667785,4
til,0.002086941539353487,4
irl,0.001976463483117768,4
years,0.0017297287530791542,4
[homemade],0.000823491234084326,5
moment,0.0007835298684362809,5
classic,0.0005482295435055144,5
snes,0.0005408427170364046,5
boys,0.0004664160640071716,5
concert,0.0004392851541407837,5
school,0.00040612161966740616,5
falcon,0.00038863642355535906,5
launches,0.0003142165294276586,5
mini,0.0003035610648642611,5
real,0.0007595896920085979,6
nothing,0.0006758166976917349,6
[i,0.0006545436396132452,6
world,0.0005741122037975438,6
ate],0.0005734513027651449,6
true,0.00045754879333349303,6
say.,0.00045626939977360374,6
2016,0.0004294321916956435,6
art,0.00042563287451045413,6
actually,0.0004080057738205945,6
playing,0.0005783329074289531,7
dies,0.0004767613950959823,7
adam,0.00043709667593374034,7
issued,0.00039373863212411426,7
10,0.00037003443690886053,7
$2,0.00034794693786878244,7
cosplay,0.00032171159578695354,7
kicks,0.0003217042897515807,7
bear,0.00031890201589187725,7
since,0.00031130479483770616,7
[poetry],0.0007016389670572233,8
e,0.0006578226092320726,8
1,0.0005382431666369153,8
vs,0.0004958003616859856,8
moth,0.0004903205426361801,8
b,0.0004855150362324581,8
give,0.00047118411207223233,8
north,0.00039777015468342214,8
largest,0.0003852891129771526,8
game,0.000384784453883398,8
that's,0.0011912958382766018,9
child,0.0008912870718885863,9
caught,0.0007409144580567519,9
til,0.0007167042276479779,9
hey,0.0006479952450383271,9
someone,0.0006415366963851534,9
solar,0.0005981112375794506,9
damn,0.0005568213122267164,9
getting,0.0005399293802441364,9
"reddit,",0.0005333361668888319,9
